epoch:0 0.2244  0.4775  0.1709  0.1067  0.1843  0.2431  0.2769  0.4207  0.4274  0.243  0.3462  0.4559  0.4815  0.005
epoch:1 0.2366  0.4872  0.2008  0.1099  0.1849  0.2579  0.2892  0.4356  0.4452  0.2523  0.357  0.4702  0.4052  0.005
epoch:2 0.1925  0.4112  0.1513  0.0901  0.1434  0.2144  0.2567  0.4089  0.4184  0.2122  0.3453  0.4433  0.3878  0.005
epoch:3 0.3223  0.5899  0.3128  0.1358  0.2479  0.355  0.3431  0.4964  0.5033  0.2704  0.4091  0.5397  0.311  0.00165
epoch:4 0.3024  0.5568  0.293  0.1133  0.2436  0.33  0.325  0.4669  0.4724  0.2192  0.3889  0.5058  0.2765  0.00165
epoch:5 0.3189  0.5855  0.3149  0.1132  0.239  0.3552  0.338  0.4871  0.4932  0.2321  0.3885  0.532  0.2613  0.00165
epoch:6 0.3649  0.6312  0.3782  0.1308  0.2741  0.4039  0.3641  0.509  0.5133  0.2443  0.3944  0.5602  0.2124  0.000545
epoch:7 0.3536  0.6165  0.3592  0.1269  0.2634  0.3934  0.3561  0.494  0.498  0.2278  0.3682  0.5468  0.1836  0.000545
epoch:8 0.3563  0.6194  0.3613  0.1271  0.2626  0.3962  0.3577  0.4931  0.4961  0.2145  0.371  0.545  0.1695  0.000545
epoch:9 0.3615  0.6237  0.3748  0.1244  0.2728  0.4016  0.361  0.4942  0.4971  0.2093  0.3735  0.5448  0.1487  0.00018
epoch:10 0.3515  0.61  0.3581  0.1266  0.2637  0.3895  0.3521  0.474  0.4761  0.217  0.3592  0.5194  0.1374  0.00018
epoch:11 0.3527  0.6112  0.3622  0.1158  0.2637  0.3934  0.3544  0.4771  0.479  0.1914  0.3559  0.5254  0.1302  0.00018
epoch:12 0.3412  0.5971  0.3462  0.1247  0.2522  0.381  0.3478  0.4628  0.4643  0.1987  0.3354  0.5123  0.1225  5.9e-05
epoch:13 0.3568  0.6149  0.367  0.1227  0.2693  0.3967  0.3551  0.4818  0.4837  0.1915  0.3626  0.5314  0.1189  5.9e-05
epoch:14 0.3489  0.6045  0.3528  0.1276  0.2583  0.3885  0.3496  0.4704  0.4723  0.2027  0.3485  0.5197  0.1165  5.9e-05
